function [stats,cons] = getStatistics()

% The code:
%   0               00             8               00
%                   00                             01

%   1               10             9               10
%                   00                             01 

%   2               01             10              01
%                   00                             01  

%   3               11             11              11
%                   00                             01  

%   4               00             12              00
%                   10                             11 

%   5               10             13              10
%                   10                             11  

%   6               01             14              01
%                   10                             11 

%   7               11             15              11
%                   10                             11


stats = zeros(10, 16);

%stats(1,:)  = [-4, -2, -2, 0, -2, 0, 0, 2, -2, 0, 0, 2, 0, 2, 2, 4]/4;         %  gamma
%stats(2,:)  = [2, 0, 0, -2, 0, 2, -2, 0, 0, -2, 2, 0, -2, 0, 0, 2]/2;          %  beta |
%stats(3,:)  = [2, 0, 0, 2, 0, -2, -2, 0, 0, -2, -2, 0, 2, 0, 0, 2]/2;          %  beta --

stats(1,:)  = [-1, 1,-1, 1,-1, 1,-1, 1,-1, 1,-1, 1,-1, 1,-1, 1];     % gamma
stats(2,:)  = [ 1,-1, 1,-1,-1, 1,-1, 1, 1,-1, 1,-1,-1, 1,-1, 1];     % beta |
stats(3,:)  = [ 1,-1,-1, 1, 1,-1,-1, 1, 1,-1,-1, 1, 1,-1,-1, 1];     % beta --
stats(4,:)  = [ 1,-1, 1,-1, 1,-1, 1,-1,-1, 1,-1, 1,-1, 1,-1, 1];      %  beta \
stats(5,:)  = [ 1, 1,-1,-1, -1,-1,1, 1, 1, 1,-1,-1,-1,-1, 1, 1];      %  beta /

stats(6,:)  = [-1, 1, 1,-1, 1,-1,-1, 1,-1, 1, 1,-1, 1,-1,-1, 1];      % theta |-
stats(7,:)  = [-1,-1, 1, 1, 1, 1,-1,-1, 1, 1,-1,-1,-1,-1, 1, 1];      % theta _|
stats(8,:)  = [-1, 1, 1, -1, -1, 1, 1, -1, 1, -1, -1, 1, 1, -1, -1, 1];      % theta -|
stats(9,:)  = [-1, 1, -1, 1, 1, -1, 1, -1, 1, -1, 1, -1, -1, 1, -1, 1];      % theta |_
 
stats(10,:) = [1, -1, -1, 1, -1, 1, 1, -1, -1, 1, 1, -1, 1, -1, -1, 1];      % alpha


cons = zeros(6,16);
% Constraints

% Equality of single-pixel marginals:
% 0 + 2 + 4 + 6 + 8 + 10 + 12 + 14
% - (0 + 1 + 4 + 5 + 8 + 9 + 12 + 13) = 0
cons(1,:) = [0,-1,1,0,0,-1,1,0,0,-1,1,0,0,-1,1,0];


%    0 +     2 +     4 + 6 + 8 +     10 +    12 + 14
% - (0 + 1 + 2 + 3 +         8 + 9 + 10 + 11) = 0
cons(2,:) = [0,-1,0,-1,1,0,1,0,0,-1,0,-1,1,0,1,0];

%    0 +     2 +     4 +     6 +    8 +     10 +    12 + 14
% -( 0 + 1 + 2 + 3 + 4 + 5 + 6 + 7)
cons(3,:) = [0,-1,0,-1,0,-1,0,-1,1,0,1,0,1,0,1,0];

% Equality of two-pixel marginals:
% Vertical:
%  (0 +     2 +       8 + 10) 
%- (0 + 1 +     4 + 5) = 0
cons(4,:) = [0,-1,1,0,-1,-1,0,0,1,0,1,0,0,0,0,0];

% Horizontal:
% 0 + 4 + 8 + 12
% - (0 + 1 + 2 + 3)
cons(5,:) = [0,-1,-1,-1,1,0,0,0,1,0,0,0,1,0,0,0];


cons(6,:) = 1;                                                              % Normalization
